Breno Lago Della Vacca
2012 12  -0.33 -99.00 -99.00 -99.00 -99.00 
2013  1   0.74 -99.00 -99.00 -99.00 -99.00 
2013  2   0.18  -0.15 -99.00 -99.00 -99.00 
2013  3   0.06   0.10 -99.00 -99.00 -99.00 
2013  4   1.75   1.03 -99.00 -99.00 -99.00 
2013  5   0.32   0.93   0.73 -99.00 -99.00 
2013  6   0.11   0.80   0.68 -99.00 -99.00 
2013  7  -1.37  -1.03  -0.58 -99.00 -99.00 
2013  8  -0.34  -0.74  -0.52  -0.61 -99.00 
2013  9  -0.64  -1.48  -0.93  -0.82 -99.00 
2013 10   0.86   0.29  -0.13   0.20 -99.00 
2013 11   0.71   0.80  -0.11   0.24   0.04 
2013 12  -0.10   0.82  -0.24   0.23   0.28 
2014  1   1.84   0.74   0.47   0.08   0.29 
2014  2   2.33   1.85   1.11   0.30   0.52 
2014  3   0.53   2.05   0.96   0.30   0.55 
2014  4   0.15   1.40   1.27   0.78   0.41 
2014  5  -1.29  -0.97  -0.03   0.61  -0.15 
2014  6   0.41  -0.44   0.37   1.06  -0.21 
2014  7   0.91   0.31   0.76   1.04   0.90 
2014  8   1.91   1.34   1.09   1.43   1.75 
2014  9  -0.75   1.23   0.93   1.23   1.64 
2014 10  -0.28   0.48   0.60   0.62   0.58 
2014 11   1.95   0.76   1.48   0.92   1.41 
2014 12   1.31   0.97   1.60   1.14   0.99 
2015  1   0.41   2.01   1.22   1.24   1.08 
2015  2  -1.03   0.58   0.72   1.33   1.06 
2015  3  -0.56  -0.72   0.74   1.08   1.05 
2015  4  -1.16  -1.20   1.66   1.15   0.92 
2015  5   0.01  -0.70  -0.55   0.33   1.53 
2015  6  -0.23  -0.56  -0.75   0.52   1.72 
2015  7  -0.20  -0.47  -0.85   0.68   0.81 
2015  8  -0.65  -0.37  -0.76  -0.74  -0.42 
2015  9   0.39  -0.23  -0.76  -0.79  -0.06 
2015 10   0.68   0.40   0.22   0.16   0.52 
2015 11  -1.43   0.34  -0.09  -0.04  -0.30 
2015 12  -1.07   0.06  -0.14  -0.12   0.01 
2016  1   0.05  -1.29   0.03  -0.04  -0.04 
2016  2  -0.81  -1.17   0.05  -0.00   0.00 
2016  3  -0.49  -0.72   0.17   0.07  -0.01 
2016  4  -0.84  -0.99  -1.30  -0.40   0.04 
2016  5   0.03  -0.55  -0.96  -0.28  -0.43 
2016  6   0.83   0.44   0.15   0.02  -0.23 
2016  7  -0.01   0.42  -0.02  -0.82  -0.43 
2016  8  -0.55   0.18  -0.13  -0.33  -0.32 
2016  9  -2.11  -0.96  -0.79  -0.81  -0.91 
2016 10  -0.36  -1.51  -0.37  -0.15   0.08 
2016 11   0.19  -1.54  -0.49  -0.25  -0.75 
2016 12   0.37  -0.30  -0.97  -0.34  -0.13 
2017  1  -0.57   0.18  -0.90  -0.32  -0.20 
2017  2   0.66   0.24  -1.10  -0.20  -0.13 
2017  3  -0.11   0.01   0.01  -0.34  -0.13 
2017  4  -0.33  -0.14  -0.09  -1.09  -0.06 
2017  5  -1.13  -1.11  -1.08  -1.32  -0.84 
2017  6   1.61   0.71   0.58  -0.05  -0.85 
2017  7   0.07   0.60   0.41   0.23  -1.06 
2017  8  -1.46   0.35  -0.17  -0.19  -1.11 
2017  9   0.58  -0.25  -0.00  -0.02  -0.51 
2017 10  -0.98  -1.38  -0.23   0.02   0.24 
2017 11  -0.82  -1.37  -0.26  -0.23  -0.61 
2017 12  -0.71  -1.00  -1.21  -0.38  -0.11 
2018  1   0.41  -0.76  -1.15  -0.39  -0.15 
2018  2   0.51  -0.15  -1.08  -0.07  -0.13 
2018  3   1.67   1.17  -0.46  -0.33  -0.05 
2018  4   0.88   1.21   0.11  -0.96   0.07 
2018  5   1.43   1.80   1.59  -0.21   0.25 
2018  6   0.02   1.05   1.25  -0.44  -0.65 
2018  7   0.56   1.00   1.25   0.79  -0.66 
2018  8   0.01   0.32   0.92   0.87  -0.12 
2018  9  -0.44   0.17   0.64   0.76  -0.49 
2018 10   1.08   0.72   1.02   0.82   0.58 
2018 11   0.83   1.18   0.90   0.98   1.24 
2018 12  -0.60   1.02   0.92   1.05   0.86 
2019  1  -0.30   0.65   0.71   1.06   0.94 
2019  2  -0.19  -0.79   0.90   0.79   1.05 
2019  3  -0.49  -0.60   0.78   0.69   0.98 
2019  4   1.52   0.63   0.77   0.86   0.97 
2019  5  -0.44   0.15  -0.23   0.89   0.92 
2019  6  -0.10   0.15  -0.08   1.02   1.08 
2019  7   0.07  -0.37  -0.14  -0.04   0.51 
2019  8  -0.09  -0.01  -0.08  -0.24   0.41 
2019  9  -0.16  -0.09  -0.21  -0.29   0.46 
2019 10   0.29   0.03   0.04   0.24   0.39 
2019 11   0.42   0.20   0.12   0.24  -0.01 
2019 12   0.42   0.29   0.15   0.28   0.27 
2020  1  -0.13   0.44   0.18   0.13   0.27 
2020  2  -1.03  -0.31   0.04   0.22   0.32 
2020  3   1.46   0.54   0.45   0.33   0.42 
2020  4  -0.60   0.01   0.24   0.03   0.26 
2020  5   0.27   0.30   0.05   0.11   0.13 
2020  6   2.01   1.73   1.66   1.37   1.19 
2020  7  -0.08   1.42   1.18   1.31   0.86 
2020  8   2.14   1.64   1.85   1.83   1.76 
2020  9  -0.49   0.90   1.88   1.68   1.58 
2020 10   1.12   1.77   1.80   1.13   0.80 
2020 11  -0.97   0.52   1.62   1.19   1.57 
2020 12   0.26   0.61   1.10   1.36   1.02 
2021  1   0.41  -0.56   1.11   1.53   1.13 
2021  2   0.30   0.18   0.42   1.40   1.30 
2021  3  -0.98  -0.44   0.54   0.80   1.25 
2021  4   0.28  -0.21  -0.69   1.20   1.22 
2021  5  -0.17  -0.36  -0.40   0.17   1.75 
2021  6  -0.81  -0.72  -0.83  -0.01   0.88 
2021  7   1.52   0.69   0.47  -0.07   1.72 
2021  8  -0.31   0.46   0.25   0.22   0.34 
2021  9   0.37   1.00   0.48   0.32   0.60 
2021 10  -0.11  -0.17   0.40   0.35   0.36 
2021 11   0.17  -0.06   0.38   0.31   0.19 
2021 12  -0.17  -0.18   0.62   0.36   0.33 
2022  1  -0.45   0.08  -0.08   0.35   0.33 
2022  2  -0.50  -0.73  -0.25   0.38   0.38 
2022  3  -0.98  -1.04  -0.03   0.49   0.37 
2022  4  -0.29  -0.79  -0.54  -0.48   0.33 
2022  5   0.65   0.05  -0.32  -0.30   0.29 
2022  6  -0.35  -0.04  -0.37  -0.59   0.47 
2022  7  -0.67  -0.60  -0.82  -1.10  -1.11 
2022  8   0.03  -0.40  -0.53  -0.69  -0.89 
2022  9  -0.39  -0.58  -0.77  -0.83  -1.07 
2022 10  -1.02  -1.43  -0.86  -0.39   0.03 
2022 11   0.45  -1.67  -1.10  -0.49  -1.00 
2022 12  -1.07  -1.02  -1.91  -1.05  -0.60 
2023  1  -0.57  -1.43  -2.31  -1.64  -1.04 
2023  2  -1.43  -1.43  -1.38  -2.33  -1.49 
2023  3  -1.43  -1.43  -1.38  -3.00  -2.09 
2023  4  -1.43  -1.43  -1.38  -1.38  -2.68 
2023  5  -1.43  -1.43  -1.43  -1.38  -1.38 
2023  6  -1.02  -1.43  -1.43  -1.38  -1.38 
2023  7  -1.43  -1.43  -1.43  -1.38  -1.38 
2023  8   0.19  -1.43  -1.43  -1.43  -1.38 
2023  9   0.39  -1.88  -1.43  -1.43  -1.38 
2023 10   1.40   1.41  -2.35  -3.11  -3.28 
2023 11  -0.00   1.49  -1.19  -2.83  -1.43 
2023 12   2.49   1.37   0.13  -2.29  -2.96 
2024  1  -0.57   0.82   1.22  -1.73  -2.70 
2024  2   0.41   1.82   1.71  -0.48  -2.23 
2024  3   0.06  -0.06   1.04   0.28  -1.74 
2024  4  -0.52  -0.29   0.49   1.33  -1.03 
2024  5   1.46   0.87   1.62   2.05  -0.58 
2024  6  -1.02  -1.35  -1.32   0.56  -0.90 
2024  7  -0.14  -1.26  -1.24  -1.14   0.36 
2024  8  -1.24  -1.37  -1.25  -1.04  -0.15 
2024  9   2.33   0.78  -0.34  -0.33   0.84 
2024 10  -1.02  -0.78  -0.97  -0.39   0.11 
2024 11  -1.31  -0.83  -1.95  -0.76  -1.00 
2024 12  -0.60  -1.02  -0.97  -1.07  -0.55 
2025  1   1.72  -0.79  -0.73  -1.09  -0.62 
2025  2   0.66   0.31  -0.68  -1.29  -0.62 
2025  3   1.50   1.32  -1.37  -0.18  -0.57 
2025  4   0.91   1.20   0.09  -0.63  -0.38 
2025  5   0.90   1.36   1.31  -0.03  -1.13 
2025  6  -0.60   0.29   0.65  -1.34  -0.80 
2025  7   1.49   1.26   1.47   1.04  -0.05 
2025  8   0.30   0.71   1.16   1.19   0.48 
2025  9   0.88   1.40   1.56   1.57  -0.35 
2025 10  -0.37   0.19   0.84   0.72   0.53 
2025 11   0.47   0.21   0.71   0.80   0.98 
2025 12   0.26  -0.18   0.94   0.86   0.76 
2026  1  -0.57   0.41   0.27   0.84   0.79 
