Pisogne
2001 11  -1.11 -99.00 -99.00 -99.00 -99.00 
2001 12  -1.18 -99.00 -99.00 -99.00 -99.00 
2002  1  -0.32  -1.56 -99.00 -99.00 -99.00 
2002  2  -0.07  -1.15 -99.00 -99.00 -99.00 
2002  3  -1.38  -1.38 -99.00 -99.00 -99.00 
2002  4  -0.72  -1.72  -1.72 -99.00 -99.00 
2002  5   1.93  -0.02  -0.75 -99.00 -99.00 
2002  6   0.43   1.15  -0.18 -99.00 -99.00 
2002  7  -0.02   1.29  -0.08  -0.78 -99.00 
2002  8   0.33   0.27   0.05  -0.46 -99.00 
2002  9   0.37   0.18   0.62  -0.12 -99.00 
2002 10  -1.73  -1.07   0.44  -0.15  -0.36 
2002 11  -0.97  -1.58  -1.09  -0.58  -0.65 
2002 12  -0.37  -2.42  -1.57  -0.29  -0.62 
2003  1  -1.41  -1.75  -2.49  -0.68  -1.06 
2003  2  -1.38  -1.73  -1.71  -2.48  -1.61 
2003  3  -1.38  -1.38  -1.71  -3.37  -1.77 
2003  4  -1.73  -1.73  -1.73  -3.92  -2.07 
2003  5  -1.73  -1.73  -1.73  -1.71  -3.68 
2003  6  -1.73  -1.73  -1.73  -1.71  -1.71 
2003  7  -0.47  -1.73  -1.73  -1.73  -1.71 
2003  8  -0.41  -2.82  -1.73  -1.73  -1.71 
2003  9  -1.88  -1.70  -4.25  -1.73  -1.71 
2003 10   0.87  -0.35  -2.99  -4.04  -4.26 
2003 11   0.97   0.59  -1.08  -2.89  -3.60 
2003 12   0.64   1.11   0.25  -2.19  -3.38 
2004  1  -0.47   0.79   0.33  -1.90  -2.94 
2004  2   0.50   0.30   0.49  -0.59  -2.15 
2004  3   0.44   0.14   0.84   0.26  -1.61 
2004  4   0.32   0.44   0.64   0.35  -1.19 
2004  5   0.21   0.30   0.29   0.45  -0.19 
2004  6  -0.71  -0.24  -0.15   0.55   0.01 
2004  7   0.24  -0.21   0.05   0.38   0.13 
2004  8  -0.01  -0.27  -0.10  -0.01   0.20 
2004  9  -1.42  -0.72  -0.18  -0.50   0.22 
2004 10   0.87  -0.01  -0.08   0.16   0.33 
2004 11   0.60   0.36   0.00   0.17   0.22 
2004 12  -0.08   0.62   0.10   0.00   0.09 
2005  1  -1.12   0.05  -0.10  -0.20   0.04 
2005  2  -0.10  -0.72  -0.20  -0.27  -0.04 
2005  3  -0.26  -0.74   0.03  -0.10  -0.19 
2005  4  -0.50  -0.43  -0.30  -0.17  -0.37 
2005  5  -1.12  -1.17  -1.34  -0.74  -0.44 
2005  6  -1.08  -1.53  -1.51  -0.74  -0.96 
2005  7  -0.72  -1.46  -1.40  -1.13  -1.10 
2005  8   0.14  -0.83  -1.37  -1.39  -0.97 
2005  9   1.25   0.36  -0.33  -1.07  -0.54 
2005 10  -0.26   0.47  -0.57  -0.40  -0.23 
2005 11  -0.40   0.07  -0.66  -0.83  -0.74 
2005 12   0.19  -0.50  -0.35  -0.94  -0.77 
2006  1  -0.18  -0.38  -0.09  -0.90  -0.77 
2006  2   0.62   0.14  -0.02  -0.39  -0.65 
2006  3   0.52   0.33  -0.37  -0.01  -0.60 
2006  4  -0.11   0.34  -0.08   0.11  -0.55 
2006  5  -1.21  -0.66  -0.48  -0.38  -0.37 
2006  6  -0.98  -1.39  -0.81  -0.98  -0.78 
2006  7  -0.59  -1.42  -0.84  -0.92  -0.72 
2006  8   1.40   0.09  -0.48  -0.37  -0.34 
2006  9   0.27   0.61  -0.16  -0.38  -0.64 
2006 10  -0.38   0.58  -0.48  -0.08  -0.11 
2006 11  -0.71  -0.66  -0.62  -0.59  -0.35 
2006 12   1.15  -0.09   0.15  -0.48  -0.17 
2007  1   0.56   0.36   0.47  -0.37  -0.11 
2007  2  -0.51   0.61  -0.26  -0.13  -0.28 
2007  3  -0.50  -0.41  -0.46   0.03  -0.49 
2007  4  -1.43  -1.10  -0.40  -0.04  -0.73 
2007  5  -0.09  -1.03  -0.38  -0.73  -0.31 
2007  6   0.36  -0.70  -0.79  -0.73  -0.44 
2007  7  -2.45  -0.79  -1.31  -0.88  -0.65 
2007  8   1.91   0.53  -0.37  -0.06  -0.42 
2007  9   0.19   0.46   0.04  -0.44  -0.49 
2007 10  -1.29   0.49  -0.16  -0.34  -0.11 
2007 11   0.62  -0.26   0.05  -0.32  -0.03 
2007 12  -1.08  -0.77  -0.48  -0.61  -0.46 
2008  1   1.43   0.48   0.51   0.00  -0.34 
2008  2  -0.37  -0.16  -0.45  -0.03  -0.33 
2008  3  -0.11   0.34  -0.54  -0.08  -0.34 
2008  4   1.88   0.86   0.70   0.61   0.37 
2008  5   0.10   1.06   0.60   0.17   0.38 
2008  6   1.02   1.57   1.22   0.36   0.52 
2008  7   0.42   0.60   0.91   0.81   0.84 
2008  8  -0.76   0.36   0.87   0.54   0.21 
2008  9   0.33  -0.14   0.70   0.88   0.22 
2008 10   0.64   0.12   0.47   0.59   0.54 
2008 11   1.38   1.28   1.32   1.25   0.88 
2008 12   1.09   1.48   1.36   1.65   1.23 
2009  1   0.47   1.52   1.24   1.28   1.18 
2009  2   1.09   1.19   1.57   1.44   1.44 
2009  3   0.99   1.06   1.58   1.20   1.65 
2009  4   1.24   1.28   1.56   1.12   1.51 
2009  5  -1.37   0.39   0.97   1.34   1.05 
2009  6   0.11  -0.07   0.59   1.29   1.23 
2009  7   0.01  -0.78   0.46   1.14   1.04 
2009  8  -0.70  -0.34  -0.08   0.48   0.96 
2009  9  -0.22  -0.77  -0.12   0.09   0.88 
2009 10  -0.93  -1.56  -1.17   0.02   0.47 
2009 11   1.18   0.26  -0.14   0.13   0.46 
2009 12   1.07   0.77   0.24   0.17   0.47 
2010  1  -0.41   1.19   0.19  -0.27   0.41 
2010  2   0.88   0.84   0.55   0.30   0.39 
2010  3   0.01   0.20   0.56   0.27   0.21 
2010  4   0.01   0.33   0.84   0.24  -0.09 
2010  5   0.92   0.45   0.76   0.56   0.37 
2010  6  -0.23   0.31   0.26   0.54   0.27 
2010  7   0.64   0.63   0.54   0.97   0.38 
2010  8   1.38   0.88   0.81   0.94   0.76 
2010  9   1.36   1.88   0.87   1.07   1.09 
2010 10   1.04   2.18   1.49   0.96   0.96 
2010 11   1.36   1.80   2.20   1.54   1.31 
2010 12   1.08   1.64   2.56   1.96   1.40 
2011  1  -0.15   1.38   2.16   2.06   1.51 
2011  2  -0.33   0.37   1.61   1.70   1.44 
2011  3   0.58  -0.11   1.24   1.55   1.57 
2011  4  -1.25  -0.44   0.65   1.06   1.45 
2011  5  -0.88  -0.96  -0.52   0.87   0.91 
2011  6   1.97   0.12  -0.05   1.05   1.75 
2011  7  -0.02   0.57   0.00   0.75   1.46 
2011  8  -0.41   0.87  -0.05   0.06   1.00 
2011  9   1.41   0.54   0.35   0.15   1.04 
2011 10  -0.32   0.28   0.51   0.21   0.54 
2011 11   0.50   0.60   1.04   0.34   0.36 
2011 12  -0.32  -0.18   0.04   0.12   0.10 
2012  1  -0.35  -0.01   0.03   0.33   0.08 
2012  2  -1.26  -1.18  -0.16   0.38   0.01 
2012  3  -0.78  -1.19  -0.91  -0.27  -0.21 
2012  4   1.48   0.28   0.07   0.14   0.33 
2012  5   0.35   0.73  -0.14   0.19   0.50 
2012  6  -0.05   0.91  -0.01  -0.25  -0.03 
2012  7   1.02   0.57   0.45   0.23   0.21 
2012  8  -2.39  -0.25   0.23  -0.32  -0.01 
2012  9   0.75   0.10   0.51  -0.02  -0.23 
2012 10   0.67  -0.07   0.36   0.33   0.26 
2012 11   1.18   1.26   0.93   0.89   0.44 
2012 12   0.03   0.96   0.89   1.04   0.50 
2013  1  -0.12   0.79   0.47   0.67   0.55 
2013  2   0.01  -0.30   0.81   0.55   0.69 
2013  3   1.31   0.52   0.88   0.75   1.00 
2013  4   1.51   1.19   1.08   0.73   1.02 
2013  5   1.22   1.92   1.26   1.51   1.00 
2013  6  -0.89   1.21   1.06   1.21   1.23 
2013  7  -0.48   0.11   0.88   0.96   0.80 
2013  8  -0.13  -0.79   0.91   0.53   0.97 
2013  9  -0.80  -1.07   0.32   0.40   0.73 
2013 10   0.58  -0.18   0.02   0.51   0.56 
2013 11   0.46   0.20  -0.51   0.70   0.46 
2013 12   1.33   0.97   0.34   0.84   0.73 
2014  1   2.58   1.74   1.32   1.12   1.21 
2014  2   1.69   2.52   1.74   1.14   1.56 
2014  3   0.77   2.29   1.88   1.22   1.54 
2014  4   0.08   1.03   1.57   1.06   1.27 
2014  5  -1.10  -0.35   1.69   1.20   0.68 
2014  6   1.33   0.05   1.62   1.60   1.29 
2014  7   1.30   0.76   1.15   1.75   1.55 
2014  8   2.03   2.17   1.41   2.33   1.84 
2014  9  -1.19   1.63   0.70   1.98   1.88 
2014 10  -0.32   0.54   0.75   0.80   1.02 
2014 11  -1.41  -2.96   0.35   0.12   0.95 
2014 12   0.29  -1.80  -0.16  -0.04   0.81 
2015  1   0.55  -1.36  -0.56   0.04   0.46 
2015  2   0.32   0.30  -1.43   0.37   0.19 
2015  3  -1.14  -0.20  -1.37  -0.09  -0.08 
2015  4  -1.12  -0.75  -1.25  -0.52  -0.29 
2015  5  -0.43  -1.31  -0.81  -1.58  -0.06 
2015  6  -0.66  -1.31  -1.09  -1.55  -0.83 
2015  7  -1.02  -1.12  -1.34  -1.56  -1.31 
2015  8  -0.92  -1.36  -1.61  -1.27  -1.64 
2015  9   0.33  -1.13  -0.75  -1.33  -1.59 
2015 10   0.53  -0.05  -0.64  -0.52  -0.61 
2015 11  -1.20  -0.17  -1.25  -1.26  -0.74 
2015 12  -1.18  -0.80  -1.56  -1.66  -1.08 
2016  1   0.55  -1.17  -0.88  -1.34  -1.18 
2016  2   1.26   0.23  -0.16  -0.73  -0.97 
2016  3   0.41   0.93  -0.17  -0.37  -0.85 
2016  4  -0.92   0.36  -0.41  -0.25  -0.86 
2016  5   0.75   0.11   0.11  -0.13  -0.34 
2016  6   1.02   0.46   0.82   0.04  -0.35 
2016  7   0.77   1.11   0.89   0.15   0.02 
2016  8  -0.02   0.81   0.54   0.44   0.17 
2016  9  -1.48  -0.32   0.21   0.47  -0.12 
2016 10  -0.52  -1.41   0.20   0.28   0.02 
2016 11   0.48  -0.61   0.02   0.11   0.16 
2016 12  -1.18  -0.59  -0.86  -0.28   0.15 
2017  1  -1.03  -0.51  -1.32  -0.21   0.00 
2017  2   0.71  -0.77  -1.02  -0.27  -0.11 
2017  3  -0.09  -0.10  -0.69  -0.46  -0.24 
2017  4   0.52   0.45  -0.06  -0.40   0.01 
2017  5   0.08   0.13  -0.44  -0.74  -0.06 
2017  6   0.72   0.49   0.22  -0.32  -0.43 
2017  7   0.08   0.27   0.37  -0.05  -0.60 
2017  8  -1.00  -0.08  -0.09  -0.44  -0.69 
2017  9   0.61  -0.30   0.23  -0.02  -0.42 
2017 10  -1.65  -1.57  -0.45  -0.02  -0.09 
2017 11   0.24  -0.52  -0.65  -0.27  -0.34 
2017 12   0.50  -0.57  -0.83  -0.24  -0.14 
2018  1  -0.02   0.24  -0.77  -0.41  -0.09 
2018  2  -0.56  -0.16  -0.65  -0.52  -0.28 
2018  3   1.32   0.35  -0.41  -0.27  -0.06 
2018  4   0.45   0.55   0.38  -0.11  -0.09 
2018  5   1.24   1.40   0.89   0.25   0.24 
2018  6  -0.18   0.80   0.69   0.04  -0.08 
2018  7   0.08   0.59   0.66   0.51  -0.09 
2018  8   0.19  -0.04   0.89   0.56   0.12 
2018  9  -1.45  -0.71   0.24   0.20  -0.24 
2018 10   1.40   0.68   0.71   0.61   0.50 
2018 11   0.44   0.63   0.42   0.90   0.63 
2018 12  -0.93   0.66   0.15   0.52   0.48 
2019  1  -1.18  -0.46  -0.00   0.32   0.43 
2019  2   0.18  -1.08  -0.10  -0.07   0.54 
2019  3  -0.37  -0.63   0.11  -0.04   0.26 
2019  4   1.54   0.73   0.16   0.31   0.54 
2019  5   0.21   0.79  -0.04   0.26   0.26 
2019  6  -0.42   0.73   0.13   0.38   0.12 
2019  7  -1.37  -0.75  -0.04  -0.35  -0.15 
2019  8   0.33  -0.68   0.02  -0.45  -0.09 
2019  9   0.01  -0.71   0.21  -0.27   0.07 
2019 10   0.25   0.15  -0.32   0.16   0.05 
2019 11  -1.41  -1.37  -1.80  -0.53  -0.60 
2019 12   0.74  -0.85  -1.34  -0.40  -0.38 
2020  1  -0.41  -1.37  -0.85  -1.09  -0.37 
2020  2  -1.32  -0.31  -1.25  -1.37  -0.55 
2020  3   0.93  -0.28  -0.95  -0.79  -0.39 
2020  4  -0.82  -0.35  -1.01  -0.53  -1.03 
2020  5  -0.30  -0.26  -0.49  -1.10  -0.83 
2020  6   1.48   0.16  -0.12  -0.68  -0.91 
2020  7  -0.53   0.27  -0.17  -0.79  -0.74 
2020  8   0.90   0.92   0.40   0.12  -0.53 
2020  9  -0.51  -0.18   0.14  -0.24  -0.68 
2020 10   1.37   1.31   0.85   0.42   0.10 
2020 11  -1.27   0.17   0.71   0.37   0.22 
2020 12   2.00   1.28   1.10   0.86   0.56 
2021  1   1.37   1.13   1.48   1.33   0.80 
2021  2  -0.09   1.74   1.10   1.33   0.95 
2021  3  -0.91   0.16   1.00   0.76   0.75 
2021  4  -0.01  -0.37   0.48   0.70   0.87 
2021  5   0.23  -0.31   1.00   0.68   0.81 
2021  6  -1.00  -0.52  -0.32   0.58   0.50 
2021  7   0.58  -0.10  -0.45   0.27   0.67 
2021  8  -0.72  -0.49  -0.67   0.44   0.33 
2021  9  -0.55  -0.52  -0.22  -0.55   0.30 
2021 10  -0.21  -1.18  -0.54  -0.36   0.11 
2021 11   0.59  -0.10  -0.59  -0.43   0.31 
2021 12  -0.93  -0.24  -0.67  -0.65  -0.33 
2022  1  -0.29  -0.13  -0.89  -0.73  -0.63 
2022  2  -0.42  -1.18  -0.80  -0.87  -0.69 
2022  3  -1.30  -1.04  -0.88  -0.67  -0.82 
2022  4  -0.50  -0.88  -0.64  -0.73  -0.95 
2022  5  -1.25  -1.50  -1.65  -1.32  -0.94 
2022  6  -0.25  -1.30  -1.49  -1.29  -1.36 
2022  7  -1.27  -1.40  -1.54  -1.35  -1.55 
2022  8  -0.92  -1.24  -1.64  -1.67  -1.48 
2022  9   0.16  -1.39  -0.83  -1.61  -1.47 
2022 10  -1.29  -1.65  -1.68  -1.15  -0.77 
2022 11   0.21  -0.62  -1.61  -1.60  -1.41 
2022 12   0.12  -0.66  -1.59  -1.68  -1.35 
2023  1  -0.02   0.02  -1.01  -1.65  -1.44 
2023  2  -1.38  -0.76  -1.03  -1.45  -1.61 
2023  3  -0.66  -1.08  -1.22  -1.25  -1.69 
2023  4   0.35  -0.49  -0.35  -0.66  -1.52 
2023  5   0.33   0.02  -0.53  -0.80  -0.77 
2023  6  -0.04   0.16  -0.53  -0.88  -1.27 
2023  7   1.54   0.88   0.22   0.06  -0.56 
2023  8   0.08   0.84   0.51   0.04  -0.33 
2023  9  -0.47   0.77   0.44  -0.09  -0.50 
2023 10   0.56   0.04   0.61   0.25   0.20 
2023 11   0.50   0.30   0.75   0.50   0.22 
2023 12  -0.07   0.38   0.68   0.57   0.19 
2024  1   0.14   0.21   0.06   0.54   0.21 
2024  2   1.96   1.05   0.71   0.99   0.77 
2024  3   1.87   1.98   1.27   1.22   1.20 
2024  4  -0.30   1.51   1.00   0.70   1.11 
2024  5   1.59   1.65   1.75   1.29   1.15 
2024  6   1.44   1.54   2.21   1.68   1.93 
2024  7   0.01   1.51   2.01   1.55   1.41 
2024  8  -0.83   0.39   1.35   1.44   1.16 
2024  9   1.79   0.71   0.92   2.08   1.65 
2024 10   1.45   1.85   1.80   1.51   1.14 
2024 11  -1.11   1.17   1.23   1.45   1.31 
2024 12  -0.59   0.20   0.48   1.09   1.34 
2025  1   1.58  -0.19   0.90   1.52   1.61 
2025  2  -0.14   0.23   0.96   0.96   1.33 
2025  3   0.87   0.94   0.50   0.68   1.17 
2025  4   0.23   0.34   0.01   0.60   1.27 
2025  5   0.64   0.71   0.55   1.00   0.84 
2025  6  -1.47  -0.26   0.38   0.24   0.51 
2025  7   2.27   1.15   0.90   0.50   1.10 
2025  8   0.50   1.12   1.16   0.93   1.21 
2025  9   1.14   2.39   0.88   1.44   1.07 
2025 10  -0.58   0.40   0.92   0.66   0.45 
2025 11   0.40   0.30   0.97   0.90   0.72 
2025 12  -0.76  -0.54   1.06   0.66   0.74 
2026  1  -1.41  -0.47  -0.19   0.53   0.48 
