Sarezzo v.della Fonte
2012 11   0.78 -99.00 -99.00 -99.00 -99.00 
2012 12   0.56 -99.00 -99.00 -99.00 -99.00 
2013  1   0.41   0.76 -99.00 -99.00 -99.00 
2013  2   0.08   0.16 -99.00 -99.00 -99.00 
2013  3   1.24   0.71 -99.00 -99.00 -99.00 
2013  4   1.10   1.09   1.17 -99.00 -99.00 
2013  5   1.40   1.51   1.16 -99.00 -99.00 
2013  6   0.20   1.18   1.04 -99.00 -99.00 
2013  7  -0.98   0.43   0.76   0.94 -99.00 
2013  8  -0.17  -0.57   0.74   0.63 -99.00 
2013  9  -0.96  -1.43   0.20   0.42 -99.00 
2013 10   0.46  -0.50   0.08   0.47   0.64 
2013 11   0.32  -0.14  -0.53   0.54   0.48 
2013 12   0.69   0.61  -0.38   0.38   0.52 
2014  1   2.08   1.34   0.90   0.77   0.93 
2014  2   1.12   1.93   1.38   0.72   1.16 
2014  3   0.57   1.71   1.58   0.95   1.07 
2014  4   1.27   1.39   1.83   1.46   1.15 
2014  5  -0.29   0.43   1.35   1.29   0.84 
2014  6   0.82   0.67   1.38   1.48   1.07 
2014  7   1.18   0.76   1.10   1.55   1.37 
2014  8   1.54   1.65   1.16   1.68   1.55 
2014  9  -0.76   1.26   1.10   1.55   1.60 
2014 10  -0.22   0.28   0.64   0.97   1.35 
2014 11   1.08   0.35   1.38   1.03   1.53 
2014 12   0.83   1.02   1.38   1.18   1.58 
2015  1   0.18   1.09   1.01   1.03   1.24 
2015  2   0.83   0.78   0.69   1.44   1.13 
2015  3  -0.87   0.05   0.60   1.21   1.02 
2015  4  -1.33  -0.46   0.53   0.61   0.75 
2015  5  -1.22  -1.48  -0.47  -0.22   0.69 
2015  6  -0.65  -1.62  -0.93  -0.25   0.33 
2015  7  -1.35  -1.67  -1.26  -0.49  -0.30 
2015  8  -0.96  -1.69  -1.87  -1.08  -0.80 
2015  9  -1.18  -2.29  -2.36  -1.61  -0.95 
2015 10   0.69  -0.75  -1.49  -1.25  -0.62 
2015 11  -1.84  -1.36  -1.96  -1.95  -1.33 
2015 12  -1.86  -1.19  -2.19  -2.20  -1.74 
2016  1  -0.03  -2.11  -1.79  -2.11  -1.80 
2016  2   1.19   0.20  -0.69  -1.45  -1.55 
2016  3  -0.01   0.55  -0.35  -1.38  -1.56 
2016  4  -1.89   0.18  -1.29  -1.33  -1.68 
2016  5   0.34  -0.36  -0.21  -0.72  -1.40 
2016  6   0.68   0.05   0.30  -0.21  -0.98 
2016  7   0.38   0.56   0.42  -0.40  -0.55 
2016  8   0.82   0.82   0.23   0.21  -0.16 
2016  9  -0.63   0.26   0.13   0.30  -0.15 
2016 10  -0.08  -0.18   0.31   0.26  -0.39 
2016 11  -0.05  -0.98   0.11  -0.13  -0.10 
2016 12  -2.15  -1.09  -0.52  -0.32  -0.09 
2017  1  -1.31  -1.39  -1.07  -0.30  -0.20 
2017  2   0.33  -1.35  -1.49  -0.46  -0.45 
2017  3  -0.72  -0.90  -1.42  -0.99  -0.61 
2017  4  -0.14  -0.50  -1.52  -1.19  -0.45 
2017  5  -0.47  -0.65  -1.18  -1.46  -0.73 
2017  6  -0.11  -0.50  -0.81  -1.21  -1.00 
2017  7  -0.37  -0.60  -0.62  -1.30  -1.15 
2017  8  -1.49  -1.05  -1.01  -1.35  -1.50 
2017  9   0.88  -0.55  -0.68  -0.89  -1.25 
2017 10  -2.31  -1.85  -1.23  -1.09  -1.58 
2017 11  -0.30  -1.30  -1.49  -1.26  -1.55 
2017 12   0.54  -1.52  -1.31  -1.09  -1.23 
2018  1  -0.17  -0.31  -1.31  -1.19  -1.11 
2018  2  -0.18  -0.30  -1.04  -1.39  -1.18 
2018  3   1.38   0.52  -0.54  -0.76  -0.71 
2018  4   0.09   0.73   0.12  -0.60  -0.71 
2018  5   0.69   1.00   0.57   0.09  -0.43 
2018  6   0.62   0.65   0.63   0.02  -0.19 
2018  7   1.03   1.00   0.94   0.64   0.16 
2018  8   1.13   1.27   1.27   0.95   0.58 
2018  9  -1.57   0.68   0.77   0.72   0.19 
2018 10   0.73   0.58   0.94   0.92   0.66 
2018 11   0.07  -0.30   0.77   0.95   0.73 
2018 12  -0.54   0.05   0.40   0.55   0.59 
2019  1  -0.99  -0.87  -0.29   0.41   0.54 
2019  2  -0.02  -1.28  -0.99   0.15   0.56 
2019  3  -0.92  -1.22  -0.77  -0.24   0.12 
2019  4   1.46   0.02  -0.79  -0.27   0.35 
2019  5   0.78   0.55  -0.16  -0.25   0.43 
2019  6  -1.41   0.34  -0.35  -0.31   0.00 
2019  7  -0.36  -0.37  -0.24  -0.74  -0.40 
2019  8   0.54  -0.71  -0.03  -0.46  -0.50 
2019  9   0.41   0.14   0.27  -0.26  -0.27 
2019 10   0.58   0.83   0.10   0.06  -0.33 
2019 11   1.54   2.10   0.80   0.73   0.32 
2019 12   0.91   2.05   1.50   1.11   0.58 
2020  1  -0.52   1.40   1.58   0.82   0.63 
2020  2  -1.81  -0.60   1.03   0.38   0.49 
2020  3   0.53  -0.80   0.96   0.96   0.72 
2020  4  -1.07  -1.05   0.59   0.91   0.42 
2020  5  -1.16  -0.67  -0.86   0.42   0.00 
2020  6   1.62   0.25  -0.27   0.83   0.87 
2020  7  -0.16   0.37  -0.17   0.54   0.79 
2020  8   0.72   1.18   0.31   0.02   0.75 
2020  9   0.04   0.14   0.20  -0.19   0.68 
2020 10   0.89   1.07   0.70   0.20   0.72 
2020 11  -1.72  -0.40   0.66   0.10  -0.12 
2020 12   1.58   0.83   0.59   0.47   0.11 
2021  1   1.01   0.60   1.02   0.81   0.37 
2021  2  -0.07   1.22   0.64   1.11   0.51 
2021  3  -1.30  -0.21   0.32   0.37   0.31 
2021  4   0.25  -0.78  -0.10   0.49   0.48 
2021  5  -0.20  -0.47   0.37   0.22   0.74 
2021  6  -1.30  -0.75  -0.61  -0.12  -0.05 
2021  7   0.66  -0.39  -0.61  -0.32   0.13 
2021  8  -0.54  -0.59  -0.65  -0.01  -0.11 
2021  9  -0.16  -0.10  -0.59  -0.56  -0.20 
2021 10  -0.64  -1.43  -0.91  -0.95  -0.66 
2021 11   0.80  -0.07  -0.49  -0.56  -0.05 
2021 12  -0.72  -0.28  -0.29  -0.56  -0.58 
2022  1  -0.52   0.02  -0.80  -0.76  -0.86 
2022  2  -0.31  -1.42  -0.89  -1.01  -0.86 
2022  3  -1.37  -1.41  -1.11  -0.98  -0.96 
2022  4  -0.97  -1.64  -1.11  -1.50  -1.18 
2022  5  -1.94  -1.84  -2.12  -1.70  -1.73 
2022  6  -0.54  -1.78  -1.87  -1.68  -1.59 
2022  7  -2.01  -2.17  -2.14  -1.90  -2.11 
2022  8   0.30  -1.11  -1.72  -1.99  -1.69 
2022  9   0.83  -0.38  -1.36  -1.57  -1.55 
2022 10  -1.33  -0.42  -1.59  -1.74  -1.62 
2022 11   0.22  -0.50  -1.08  -1.50  -1.79 
2022 12   0.56  -0.65  -0.70  -1.27  -1.52 
2023  1   0.41   0.31  -0.03  -1.10  -1.36 
2023  2  -2.14  -0.48  -0.68  -1.15  -1.45 
2023  3  -0.87  -1.22  -1.30  -1.29  -1.56 
2023  4   0.50  -1.24  -0.62  -0.64  -1.38 
2023  5   0.16  -0.12  -0.39  -0.54  -1.02 
2023  6  -0.52  -0.13  -0.68  -0.91  -1.02 
2023  7   1.06   0.27  -0.31  -0.24  -0.30 
2023  8  -0.17   0.15  -0.03  -0.24  -0.36 
2023  9  -0.24   0.36   0.07  -0.41  -0.66 
2023 10   0.48  -0.12   0.12  -0.31  -0.24 
2023 11   0.55   0.44   0.29   0.10  -0.10 
2023 12   0.26   0.58   0.55   0.27  -0.15 
2024  1   0.26   0.35   0.17   0.22  -0.17 
2024  2   1.35   0.96   0.87   0.68   0.40 
2024  3   1.06   1.31   1.23   1.31   0.78 
2024  4   0.25   1.56   1.20   1.02   0.78 
2024  5   1.68   1.36   1.40   1.54   1.35 
2024  6   1.69   1.96   1.84   1.90   2.04 
2024  7  -0.32   1.58   1.69   1.62   1.53 
2024  8  -2.04   0.32   1.02   1.15   1.20 
2024  9   1.88   0.21   1.50   1.60   1.63 
2024 10   1.57   2.01   1.97   1.96   1.86 
2024 11  -1.56   1.77   1.19   1.38   1.46 
2024 12  -0.02   0.43   0.36   1.24   1.44 
2025  1   1.10  -0.46   0.88   1.44   1.61 
2025  2  -0.12   0.14   1.17   0.99   1.25 
2025  3   1.18   0.89   0.81   0.85   1.38 
2025  4   0.48   0.70  -0.00   1.05   1.47 
2025  5   0.24   0.76   0.57   1.34   1.25 
2025  6  -1.14  -0.33   0.31   0.44   0.52 
2025  7   1.29   0.27   0.47   0.11   0.84 
2025  8   0.35   0.32   0.62   0.52   1.05 
2025  9   1.41   1.71   0.76   0.89   0.92 
2025 10  -0.69   0.47   0.36   0.50   0.21 
2025 11   0.27   0.37   0.38   0.59   0.52 
2025 12  -0.34  -0.86   0.63   0.24   0.49 
2026  1  -1.47  -0.69  -0.25  -0.03   0.18 
