Odolo v.Praes
2016  5  -2.01 -99.00 -99.00 -99.00 -99.00 
2016  6   0.17 -99.00 -99.00 -99.00 -99.00 
2016  7  -0.87  -1.33 -99.00 -99.00 -99.00 
2016  8   0.24  -0.54 -99.00 -99.00 -99.00 
2016  9  -0.68  -1.28 -99.00 -99.00 -99.00 
2016 10   0.20  -0.14  -0.90 -99.00 -99.00 
2016 11   0.46  -0.12  -0.41 -99.00 -99.00 
2016 12  -1.22  -0.50  -0.87 -99.00 -99.00 
2017  1  -1.41  -1.08  -0.70  -1.26 -99.00 
2017  2   1.19  -0.35  -0.35  -0.48 -99.00 
2017  3  -0.25  -0.02  -0.34  -0.62 -99.00 
2017  4   0.56   0.51  -0.32  -0.31  -0.80 
2017  5   0.13  -0.23  -0.32  -0.39  -0.47 
2017  6   0.46   0.14   0.04  -0.21  -0.42 
2017  7  -0.43  -0.09   0.11  -0.33  -0.33 
2017  8  -1.56  -0.87  -0.65  -0.66  -0.62 
2017  9   0.86  -0.81  -0.32  -0.25  -0.39 
2017 10  -1.55  -1.05  -0.68  -0.32  -0.64 
2017 11  -0.09  -0.73  -1.04  -0.82  -0.78 
2017 12   1.10  -0.47  -0.65  -0.51  -0.39 
2018  1   0.28   0.53  -0.31  -0.35  -0.23 
2018  2  -0.01   0.61  -0.11  -0.39  -0.47 
2018  3   1.12   0.68   0.15  -0.06  -0.10 
2018  4   0.99   0.92   0.91   0.19   0.06 
2018  5   0.62   1.00   0.86   0.43   0.17 
2018  6   0.57   0.72   0.73   0.39   0.22 
2018  7   0.59   0.70   0.78   0.80   0.34 
2018  8  -0.26   0.40   0.86   0.83   0.43 
2018  9  -1.48  -0.79   0.20   0.42   0.16 
2018 10  -0.64  -1.28  -0.17   0.21   0.29 
2018 11  -0.85  -1.98  -0.96   0.05   0.23 
2018 12  -0.81  -2.17  -1.71  -0.74  -0.21 
2019  1  -1.02  -2.00  -1.96  -0.84  -0.40 
2019  2   0.23  -1.02  -1.92  -1.12  -0.30 
2019  3  -0.82  -1.00  -1.85  -1.63  -0.87 
2019  4  -0.22  -0.58  -1.75  -1.79  -0.95 
2019  5   0.26  -0.51  -0.77  -1.50  -1.04 
2019  6  -1.27  -0.81  -0.99  -1.64  -1.56 
2019  7  -0.55  -0.84  -0.91  -1.54  -1.66 
2019  8   0.22  -1.35  -1.08  -1.22  -1.71 
2019  9  -0.84  -1.17  -1.25  -1.25  -1.69 
2019 10   0.50   0.09  -0.49  -0.64  -1.14 
2019 11   0.08  -0.12  -0.79  -0.83  -0.97 
2019 12   0.25   0.21  -0.26  -0.79  -0.95 
2020  1  -0.75  -0.40  -0.22  -0.64  -0.91 
2020  2  -1.10  -0.88  -0.59  -0.95  -1.02 
2020  3   0.80  -0.27  -0.08  -0.35  -0.68 
2020  4  -1.66  -0.39  -0.67  -0.40  -0.72 
2020  5  -1.34  -0.71  -0.85  -0.78  -1.00 
2020  6   0.95  -0.65  -0.54  -0.37  -0.54 
2020  7   0.94   0.27  -0.12  -0.33  -0.25 
2020  8   1.15   1.73   0.36  -0.06  -0.13 
2020  9  -0.53   1.08  -0.09  -0.21  -0.12 
2020 10   0.96   1.00   0.71   0.33   0.11 
2020 11  -1.48  -0.00   0.93   0.28  -0.03 
2020 12   1.78   1.31   1.48   0.65   0.41 
2021  1   1.52   1.41   1.39   1.16   0.75 
2021  2  -0.03   1.71   1.07   1.42   0.86 
2021  3  -1.48   0.30   0.88   1.05   0.51 
2021  4  -0.02  -0.75   0.57   0.83   0.73 
2021  5   0.59  -0.22   0.80   0.61   0.94 
2021  6  -1.53  -0.44  -0.10   0.46   0.64 
2021  7   1.02   0.16  -0.35   0.34   0.59 
2021  8  -1.61  -1.10  -0.74   0.38   0.26 
2021  9   0.03  -0.24  -0.56  -0.23   0.32 
2021 10  -0.25  -0.93  -0.44  -0.66  -0.04 
2021 11   1.32   0.47  -0.18  -0.27   0.49 
2021 12  -0.83   0.12   0.02  -0.38  -0.15 
2022  1  -0.92   0.19  -0.49  -0.34  -0.70 
2022  2  -0.34  -1.49  -0.35  -0.67  -0.68 
2022  3  -1.22  -1.57  -0.65  -0.58  -0.72 
2022  4  -1.82  -1.66  -0.91  -1.07  -0.79 
2022  5  -0.76  -1.91  -1.86  -1.03  -1.14 
2022  6  -0.20  -1.65  -1.75  -1.17  -1.04 
2022  7  -2.16  -1.72  -1.98  -1.43  -1.45 
2022  8   0.98  -0.72  -1.63  -1.80  -1.14 
2022  9   0.55  -0.13  -1.32  -1.47  -1.06 
2022 10  -1.46  -0.14  -1.08  -1.42  -1.17 
2022 11   0.71  -0.30  -0.64  -1.30  -1.46 
2022 12   0.52  -0.35  -0.27  -1.17  -1.40 
2023  1   0.33   0.63   0.23  -0.58  -1.15 
2023  2  -1.22  -0.15  -0.36  -0.55  -1.17 
2023  3  -0.52  -0.93  -0.74  -0.62  -1.17 
2023  4   0.81  -0.65  -0.06  -0.14  -0.75 
2023  5   0.46   0.02  -0.08  -0.27  -0.41 
2023  6   0.83   0.72   0.04  -0.16  -0.15 
2023  7   1.09   0.96   0.24   0.39   0.23 
2023  8   0.07   1.15   0.47   0.25   0.06 
2023  9  -0.47   0.39   0.65   0.05  -0.10 
2023 10   0.75   0.38   0.78   0.31   0.40 
2023 11   1.28   1.01   1.30   0.85   0.61 
2023 12   0.10   1.21   1.14   1.07   0.57 
2024  1   0.57   0.97   0.75   1.00   0.54 
2024  2   1.72   1.16   1.25   1.36   1.04 
2024  3   1.17   1.62   1.61   1.55   1.36 
2024  4   0.67   1.71   1.80   1.36   1.44 
2024  5   1.50   1.60   1.48   1.58   1.61 
2024  6   1.44   1.99   1.93   1.97   1.92 
2024  7  -0.31   1.74   1.80   1.85   1.58 
2024  8  -0.66   0.83   1.54   1.54   1.58 
2024  9   2.24   1.36   2.12   2.04   1.98 
2024 10   1.51   2.05   2.23   2.18   2.16 
2024 11  -1.42   1.79   1.79   2.02   1.91 
2024 12  -0.54   0.68   1.12   1.86   2.11 
2025  1   1.31  -0.21   1.32   1.84   2.07 
2025  2   0.11   0.38   1.37   1.36   1.73 
2025  3   1.10   1.17   1.04   1.27   1.67 
2025  4   0.72   0.86   0.43   1.34   1.77 
2025  5   0.70   0.97   0.75   1.34   1.32 
2025  6  -1.37  -0.05   0.64   0.72   0.93 
2025  7   0.75   0.15   0.44   0.24   0.98 
2025  8   1.45   0.47   0.87   0.74   1.27 
2025  9   0.21   1.57   0.56   0.89   0.90 
